1000-TURN LATENCY TEST RESULTS
================================================================================

User ID: latency_test_user
Total Time: 574.59 seconds
Total Memories: 40

PROCESSING LATENCIES - Extract + Store (ms):
Mean: 574.57
Median: 349.74
P95: 1333.14
P99: 1681.41

RETRIEVAL LATENCIES - Search + Rank (ms):
Mean: 293.90
Median: 296.07
P95: 378.58
P99: 426.19

DETAILED TURN DATA:
Turn     Process (ms)    Retrieve (ms)  
----------------------------------------
1        25764.41        67.79          
2        173.69          62.78          
3        1881.02         67.84          
4        879.77          87.85          
5        109.15          101.82         
6        124.91          123.91         
7        189.82          187.70         
8        506.50          98.70          
9        396.96          133.38         
10       766.69          145.28         
11       173.02          141.46         
12       127.96          126.55         
13       790.31          108.43         
14       122.89          122.89         
15       809.18          127.79         
16       113.16          111.64         
17       836.53          135.22         
18       183.56          144.28         
19       135.63          134.62         
20       488.15          185.07         
21       189.04          155.44         
22       1178.31         169.70         
23       844.05          156.78         
24       696.88          162.41         
25       177.80          176.77         
26       162.32          160.96         
27       155.18          154.17         
28       211.07          184.78         
29       394.61          275.47         
30       464.48          190.36         
31       204.89          164.97         
32       1017.60         197.91         
33       1003.47         200.41         
34       185.91          184.85         
35       193.89          192.89         
36       223.27          221.84         
37       193.91          193.40         
38       237.21          212.32         
39       204.87          203.86         
40       274.48          199.07         
41       233.15          196.15         
42       449.31          216.24         
43       786.83          202.71         
44       824.72          208.38         
45       207.02          207.02         
46       199.57          198.39         
47       234.74          234.74         
48       271.76          238.31         
49       640.33          221.15         
50       1474.80         203.45         
51       246.27          204.32         
52       321.63          233.18         
53       1205.33         242.73         
54       210.62          209.69         
55       985.58          201.85         
56       191.56          191.56         
57       199.02          198.03         
58       1263.92         229.43         
59       236.26          235.10         
60       374.46          250.93         
61       250.66          205.91         
62       289.01          244.39         
63       1387.25         209.77         
64       939.14          252.71         
65       207.54          206.54         
66       215.94          214.93         
67       218.21          218.08         
68       250.57          227.13         
69       358.78          252.26         
70       632.99          236.41         
71       276.71          231.98         
72       282.94          281.30         
73       968.04          233.38         
74       213.15          212.13         
75       220.09          218.98         
76       212.18          211.18         
77       991.70          254.41         
78       285.82          238.34         
79       235.40          231.72         
80       262.93          239.97         
81       269.91          226.76         
82       1371.24         276.36         
83       1020.13         289.91         
84       1458.86         269.54         
85       223.70          222.70         
86       248.65          248.65         
87       215.55          214.31         
88       296.16          269.99         
89       544.58          279.14         
90       1060.41         275.94         
91       272.54          235.24         
92       1139.80         250.60         
93       903.38          262.31         
94       279.32          277.78         
95       826.73          333.01         
96       251.95          250.96         
97       241.70          240.56         
98       317.58          276.85         
99       275.67          275.67         
100      434.50          289.74         
101      289.79          255.94         
102      645.15          296.87         
103      877.82          278.47         
104      901.21          269.07         
105      250.60          249.60         
106      250.53          250.53         
107      279.90          278.49         
108      1415.98         272.18         
109      400.42          281.62         
110      492.13          286.03         
111      302.48          260.85         
112      353.75          279.47         
113      923.05          288.42         
114      283.35          282.31         
115      268.10          267.56         
116      351.42          350.91         
117      374.86          373.86         
118      324.65          296.27         
119      242.11          241.09         
120      294.94          260.59         
121      290.49          251.95         
122      329.65          297.17         
123      1124.92         293.24         
124      1038.81         277.64         
125      269.10          266.98         
126      249.39          249.39         
127      250.37          249.38         
128      335.57          315.22         
129      606.82          292.12         
130      1282.97         279.57         
131      316.84          270.96         
132      339.74          338.18         
133      1170.37         331.09         
134      304.47          302.45         
135      869.73          355.43         
136      306.17          306.17         
137      962.43          339.17         
138      319.51          279.11         
139      283.59          282.55         
140      425.29          319.80         
141      336.87          287.83         
142      1261.25         302.43         
143      946.92          282.37         
144      779.10          325.78         
145      300.18          299.44         
146      285.80          284.44         
147      349.84          347.73         
148      345.46          310.93         
149      409.37          315.84         
150      600.53          297.35         
151      316.04          280.35         
152      1050.18         287.96         
153      1078.41         286.93         
154      282.22          282.22         
155      296.23          294.92         
156      266.67          265.45         
157      292.14          292.14         
158      1784.03         290.75         
159      314.79          314.79         
160      363.82          328.36         
161      301.01          262.53         
162      569.36          312.84         
163      943.02          292.41         
164      972.93          397.69         
165      299.64          299.58         
166      275.03          272.61         
167      293.52          292.53         
168      333.67          301.65         
169      612.33          331.25         
170      1047.50         309.32         
171      351.01          310.89         
172      363.25          311.43         
173      1162.91         297.01         
174      334.38          333.38         
175      915.60          357.14         
176      316.09          314.10         
177      304.44          303.00         
178      365.15          321.28         
179      396.43          395.43         
180      524.12          345.85         
181      327.21          302.89         
182      364.92          332.66         
183      1506.55         337.41         
184      993.24          301.44         
185      262.70          261.70         
186      258.36          256.81         
187      268.29          265.19         
188      334.66          292.83         
189      426.78          286.59         
190      732.80          291.19         
191      319.84          290.21         
192      309.22          309.22         
193      1066.46         325.45         
194      284.11          284.11         
195      271.92          271.92         
196      286.99          286.45         
197      888.39          328.02         
198      318.95          292.34         
199      281.18          280.19         
200      298.23          274.28         
201      296.72          274.00         
202      1205.98         311.32         
203      1286.05         298.72         
204      681.19          299.10         
205      301.93          301.32         
206      330.05          329.04         
207      343.46          342.36         
208      1604.44         342.45         
209      700.00          410.75         
210      973.18          318.87         
211      322.13          290.12         
212      1450.29         322.89         
213      1398.93         321.35         
214      335.20          334.19         
215      903.29          378.58         
216      334.36          333.14         
217      320.53          320.53         
218      390.99          357.80         
219      337.98          336.92         
220      459.63          327.55         
221      357.34          333.68         
222      1442.07         353.28         
223      993.44          328.08         
224      1140.39         354.96         
225      294.61          294.61         
226      324.92          324.92         
227      341.62          340.62         
228      380.38          345.04         
229      446.01          338.41         
230      588.21          343.86         
231      321.87          302.25         
232      411.37          344.30         
233      1328.73         508.40         
234      336.48          334.36         
235      302.19          300.17         
236      332.99          328.93         
237      298.45          297.44         
238      364.20          341.66         
239      328.43          327.42         
240      350.29          324.64         
241      343.14          316.72         
242      378.58          342.75         
243      1197.13         336.17         
244      1802.60         371.88         
245      332.73          331.22         
246      308.72          306.17         
247      333.86          332.96         
248      398.46          370.96         
249      770.65          339.81         
250      1027.04         347.53         
251      323.31          288.14         
252      443.30          442.29         
253      1007.53         306.42         
254      328.23          326.74         
255      905.05          361.01         
256      394.24          393.11         
257      992.63          361.12         
258      1671.06         364.30         
259      350.59          350.59         
260      558.18          386.07         
261      385.76          354.76         
262      1446.78         367.50         
263      993.04          322.32         
264      1005.17         437.28         
265      335.88          335.88         
266      302.37          302.37         
267      319.95          318.54         
268      415.70          392.91         
269      552.01          422.46         
270      810.49          355.45         
271      395.35          370.47         
272      1164.02         374.24         
273      1608.39         364.22         
274      337.22          335.88         
275      318.89          318.89         
276      304.35          303.35         
277      353.09          351.41         
278      432.77          404.38         
279      387.45          387.45         
280      379.09          338.26         
281      324.34          294.45         
282      678.09          358.68         
283      1241.89         376.17         
284      819.13          381.39         
285      331.16          330.19         
286      373.28          371.64         
287      351.10          350.07         
288      407.28          381.16         
289      667.09          348.54         
290      1144.79         342.42         
291      341.38          320.64         
292      447.64          378.31         
293      1333.14         491.16         
294      379.44          376.35         
295      989.96          385.91         
296      321.54          321.54         
297      318.84          317.80         
298      389.77          347.76         
299      375.79          374.79         
300      516.95          340.08         
301      365.53          345.04         
302      398.60          355.92         
303      1328.22         361.35         
304      1205.09         407.09         
305      315.02          314.51         
306      421.47          419.48         
307      395.07          393.06         
308      1850.42         435.65         
309      401.43          276.26         
310      480.48          276.86         
311      313.28          266.02         
312      242.33          241.31         
313      946.15          332.54         
314      292.60          291.45         
315      273.49          272.26         
316      269.12          268.12         
317      1218.54         288.88         
318      323.58          281.91         
319      317.96          316.96         
320      344.99          302.95         
321      374.69          334.09         
322      1175.63         301.60         
323      991.18          312.48         
324      884.92          297.64         
325      285.26          284.25         
326      380.21          379.22         
327      415.20          413.57         
328      439.92          388.35         
329      549.61          337.21         
330      926.52          284.31         
331      293.90          267.92         
332      1387.59         420.77         
333      1292.37         276.96         
334      286.05          283.82         
335      1232.90         278.28         
336      266.16          266.16         
337      272.11          271.03         
338      288.66          256.76         
339      296.30          294.85         
340      419.67          291.06         
341      298.84          272.69         
342      548.31          271.78         
343      1632.44         317.51         
344      1112.96         333.06         
345      263.63          262.63         
346      263.76          263.76         
347      297.97          297.97         
348      342.08          299.06         
349      387.35          286.17         
350      539.72          317.99         
351      336.15          293.19         
352      373.35          298.45         
353      1063.61         291.86         
354      330.74          329.63         
355      269.72          268.62         
356      276.16          276.16         
357      265.95          262.94         
358      1529.54         310.35         
359      215.80          214.80         
360      274.99          193.51         
361      237.84          198.00         
362      275.16          208.58         
363      1218.19         245.22         
364      937.05          230.97         
365      222.80          222.80         
366      233.96          233.96         
367      210.21          208.29         
368      273.24          248.48         
369      568.76          225.55         
370      979.16          267.96         
371      261.21          226.98         
372      218.56          217.44         
373      847.45          251.80         
374      231.88          229.90         
375      895.29          256.74         
376      246.09          244.51         
377      860.12          243.50         
378      300.37          279.48         
379      252.71          251.62         
380      402.25          265.24         
381      271.20          238.28         
382      1550.75         354.26         
383      907.71          279.03         
384      867.53          294.68         
385      277.26          276.75         
386      260.37          256.63         
387      262.96          262.96         
388      346.17          310.44         
389      442.44          351.18         
390      550.48          299.68         
391      313.89          291.94         
392      1066.93         301.65         
393      1059.81         297.49         
394      300.02          298.96         
395      277.57          275.98         
396      300.46          298.45         
397      278.46          277.48         
398      393.57          359.94         
399      283.56          282.51         
400      314.47          293.33         
401      326.16          284.95         
402      553.05          333.13         
403      1289.53         290.83         
404      801.55          314.93         
405      286.44          285.42         
406      287.14          286.08         
407      320.54          319.33         
408      1543.36         314.86         
409      549.86          288.52         
410      934.12          318.85         
411      341.72          294.12         
412      410.05          302.41         
413      1117.15         287.63         
414      307.51          306.48         
415      1233.46         312.74         
416      295.38          294.35         
417      285.75          284.24         
418      351.99          329.58         
419      345.17          345.17         
420      434.56          291.23         
421      313.89          274.42         
422      338.47          312.04         
423      1145.28         301.03         
424      1198.66         383.54         
425      292.46          291.10         
426      317.93          316.99         
427      297.23          296.23         
428      334.55          313.18         
429      412.40          291.63         
430      578.39          291.12         
431      342.07          299.27         
432      311.78          311.78         
433      1064.44         290.66         
434      314.26          313.26         
435      265.35          264.29         
436      279.14          277.42         
437      854.17          289.28         
438      376.51          348.64         
439      311.57          310.56         
440      334.81          294.39         
441      301.75          280.60         
442      1043.73         338.13         
443      975.23          296.73         
444      710.06          341.64         
445      399.57          397.57         
446      310.47          309.43         
447      303.15          303.15         
448      392.59          344.81         
449      569.88          318.10         
450      935.96          303.29         
451      344.21          313.25         
452      1299.16         329.43         
453      1003.81         299.92         
454      292.23          292.23         
455      934.25          336.05         
456      291.61          290.41         
457      296.42          296.42         
458      1521.59         305.71         
459      338.70          338.16         
460      607.57          351.68         
461      429.98          395.13         
462      631.87          288.80         
463      1222.12         300.26         
464      1209.48         331.31         
465      278.44          277.15         
466      309.93          309.93         
467      297.34          296.33         
468      351.16          327.45         
469      428.77          322.64         
470      591.08          294.16         
471      332.40          299.33         
472      406.55          334.89         
473      1234.79         305.56         
474      306.44          305.41         
475      266.93          266.93         
476      275.30          274.27         
477      308.76          308.76         
478      380.79          348.90         
479      297.76          296.65         
480      346.18          303.82         
481      384.97          356.84         
482      373.88          330.96         
483      1149.63         298.22         
484      986.17          315.85         
485      295.00          293.97         
486      304.02          303.60         
487      294.34          293.34         
488      376.13          335.08         
489      540.79          311.51         
490      952.46          296.62         
491      328.46          290.99         
492      326.63          324.61         
493      1179.30         329.01         
494      316.65          314.64         
495      981.80          331.81         
496      293.00          290.91         
497      863.49          318.87         
498      407.93          375.26         
499      318.82          317.14         
500      484.60          347.14         
501      332.21          293.73         
502      1213.35         339.87         
503      972.07          314.68         
504      822.27          306.76         
505      289.70          288.70         
506      276.11          274.13         
507      314.86          314.86         
508      1625.89         321.02         
509      421.17          277.53         
510      525.97          280.59         
511      295.51          269.14         
512      1297.37         276.54         
513      1011.19         378.20         
514      271.17          270.00         
515      258.68          257.34         
516      258.06          258.06         
517      263.26          263.26         
518      325.92          286.18         
519      275.50          274.49         
520      329.72          293.45         
521      304.87          283.07         
522      510.06          276.79         
523      882.26          288.91         
524      660.65          268.78         
525      254.81          253.80         
526      271.68          270.12         
527      264.72          263.70         
528      318.19          276.38         
529      1031.68         307.75         
530      977.14          269.82         
531      297.86          270.74         
532      360.57          307.84         
533      1220.32         280.29         
534      287.24          286.23         
535      794.93          280.07         
536      271.30          270.26         
537      248.43          247.42         
538      309.42          276.71         
539      299.67          298.36         
540      474.83          334.08         
541      283.61          252.51         
542      343.86          310.87         
543      1161.77         305.86         
544      906.84          279.77         
545      250.03          249.03         
546      262.66          261.46         
547      257.28          255.67         
548      359.50          326.37         
549      452.55          326.41         
550      498.90          285.34         
551      327.24          288.86         
552      277.07          276.03         
553      920.34          285.22         
554      290.16          288.62         
555      253.17          253.17         
556      282.04          281.03         
557      884.24          372.79         
558      1469.00         296.57         
559      271.39          271.39         
560      338.18          308.35         
561      273.32          250.12         
562      1012.49         288.64         
563      1273.65         281.96         
564      897.97          280.28         
565      294.67          293.46         
566      277.69          276.07         
567      288.03          285.52         
568      353.33          311.57         
569      676.18          302.52         
570      1066.53         306.07         
571      320.63          274.96         
572      1254.91         352.64         
573      1429.93         343.14         
574      304.72          303.09         
575      871.69          317.45         
576      301.03          301.03         
577      290.88          290.88         
578      339.32          316.68         
579      325.95          324.92         
580      451.50          318.46         
581      323.59          284.28         
582      676.78          298.29         
583      1066.72         327.86         
584      685.27          297.04         
585      269.42          269.42         
586      270.64          268.86         
587      327.88          327.88         
588      333.11          298.07         
589      416.87          311.49         
590      528.29          297.04         
591      318.58          278.98         
592      454.31          386.52         
593      1103.30         284.84         
594      275.76          274.76         
595      268.92          267.88         
596      315.08          314.08         
597      283.44          278.83         
598      324.11          286.59         
599      280.81          278.80         
600      300.47          267.18         
601      319.97          286.85         
602      352.00          307.73         
603      1316.94         306.00         
604      2405.30         304.94         
605      254.75          252.51         
606      263.35          262.36         
607      275.27          275.27         
608      1556.95         304.94         
609      502.54          251.76         
610      837.77          252.84         
611      354.56          289.46         
612      267.12          266.10         
613      879.94          270.16         
614      292.18          291.65         
615      735.40          263.90         
616      248.74          248.74         
617      949.20          294.47         
618      360.89          292.29         
619      310.18          307.10         
620      518.27          366.56         
621      393.80          344.69         
622      1570.70         319.62         
623      912.56          276.56         
624      801.38          363.16         
625      274.79          274.72         
626      279.75          279.75         
627      268.87          267.87         
628      332.77          304.24         
629      444.88          312.37         
630      729.85          298.73         
631      300.05          279.35         
632      1009.18         270.21         
633      1155.55         308.65         
634      270.14          267.93         
635      268.65          267.08         
636      265.74          264.70         
637      280.75          279.73         
638      346.91          307.36         
639      281.48          280.49         
640      319.92          275.74         
641      280.91          258.29         
642      551.83          303.37         
643      995.98          288.04         
644      974.74          293.24         
645      335.64          335.64         
646      252.35          251.27         
647      290.80          289.81         
648      343.53          302.91         
649      488.84          302.67         
650      1026.22         300.27         
651      320.73          300.53         
652      361.29          292.09         
653      1232.40         265.02         
654      295.63          286.37         
655      1077.80         306.48         
656      267.85          266.19         
657      282.15          280.49         
658      1403.33         309.81         
659      243.05          242.05         
660      380.45          250.25         
661      257.12          221.96         
662      340.26          236.73         
663      1326.88         316.81         
664      920.02          259.96         
665      217.02          215.76         
666      229.84          228.49         
667      288.29          287.03         
668      309.22          284.67         
669      405.90          275.03         
670      488.67          261.06         
671      281.76          245.60         
672      226.03          225.01         
673      904.65          261.40         
674      240.24          238.62         
675      230.00          228.39         
676      231.48          230.38         
677      907.13          254.70         
678      333.67          289.65         
679      258.65          257.64         
680      277.12          238.21         
681      277.21          232.53         
682      1087.21         272.92         
683      843.29          263.85         
684      903.49          350.07         
685      266.36          265.37         
686      247.58          236.38         
687      273.18          273.18         
688      348.45          301.89         
689      1044.46         363.75         
690      926.52          321.89         
691      324.78          303.40         
692      1501.99         267.30         
693      1704.55         304.16         
694      294.89          293.88         
695      906.03          272.09         
696      268.35          267.33         
697      242.36          241.34         
698      307.11          286.23         
699      290.25          288.23         
700      430.19          308.26         
701      327.80          287.74         
702      631.09          280.05         
703      883.72          305.77         
704      893.10          298.68         
705      287.00          279.28         
706      257.64          255.95         
707      297.28          296.28         
708      1479.93         278.01         
709      332.94          215.38         
710      543.50          214.14         
711      238.85          198.80         
712      310.65          241.55         
713      1130.70         257.28         
714      218.85          218.85         
715      212.03          210.15         
716      212.74          212.16         
717      218.01          217.01         
718      264.94          218.25         
719      221.21          221.21         
720      298.22          221.29         
721      272.04          224.85         
722      267.68          244.67         
723      1205.63         248.18         
724      985.63          219.11         
725      247.52          247.52         
726      236.21          233.52         
727      251.63          250.65         
728      285.83          257.08         
729      536.42          229.39         
730      1035.61         244.15         
731      241.05          219.58         
732      237.18          236.17         
733      851.76          227.22         
734      226.68          226.68         
735      834.01          246.53         
736      219.03          218.03         
737      875.47          247.71         
738      292.84          257.77         
739      253.27          251.90         
740      408.12          268.32         
741      264.42          232.60         
742      1421.26         336.01         
743      842.77          265.17         
744      618.76          247.94         
745      254.82          253.80         
746      259.82          258.79         
747      253.53          253.53         
748      314.55          280.30         
749      351.60          253.86         
750      547.40          271.55         
751      296.88          247.52         
752      1437.42         266.22         
753      929.29          293.39         
754      299.95          298.93         
755      299.57          297.85         
756      243.94          242.58         
757      263.31          262.30         
758      1405.97         262.81         
759      248.84          247.84         
760      282.46          239.27         
761      296.08          252.57         
762      1677.79         234.31         
763      1015.53         296.01         
764      1088.47         255.51         
765      248.44          247.44         
766      247.19          247.19         
767      269.92          269.92         
768      322.06          287.20         
769      669.53          251.52         
770      1091.18         297.57         
771      279.95          251.81         
772      373.74          299.76         
773      1132.38         278.51         
774      245.10          243.95         
775      765.33          278.51         
776      254.02          251.92         
777      249.74          246.71         
778      352.96          318.00         
779      338.60          337.51         
780      414.93          270.21         
781      312.54          267.28         
782      334.66          302.88         
783      1187.34         260.08         
784      924.56          298.16         
785      276.89          275.45         
786      274.15          273.13         
787      284.35          283.35         
788      324.49          289.38         
789      455.57          310.36         
790      580.63          264.17         
791      346.88          310.30         
792      313.49          312.37         
793      862.09          313.36         
794      279.39          278.39         
795      273.18          272.12         
796      266.47          266.47         
797      771.24          282.64         
798      343.22          298.31         
799      269.66          268.66         
800      318.57          285.77         
801      462.35          427.09         
802      962.04          294.20         
803      989.43          301.84         
804      1176.12         276.83         
805      256.79          256.10         
806      346.60          346.60         
807      312.32          310.69         
808      1472.16         331.39         
809      596.71          330.33         
810      936.69          280.53         
811      302.23          266.96         
812      1388.33         287.15         
813      957.31          296.22         
814      384.77          383.31         
815      1022.72         320.47         
816      291.48          290.47         
817      279.67          278.65         
818      331.13          305.80         
819      325.02          324.02         
820      524.49          337.42         
821      330.63          284.98         
822      570.18          291.61         
823      1277.37         299.67         
824      1014.22         347.89         
825      315.72          314.72         
826      311.51          309.93         
827      332.07          330.94         
828      377.27          332.80         
829      452.28          334.66         
830      486.35          280.33         
831      313.62          286.23         
832      397.23          313.97         
833      1467.47         300.51         
834      279.41          278.38         
835      299.11          299.11         
836      278.80          275.76         
837      281.63          280.63         
838      393.66          355.77         
839      299.09          298.09         
840      337.05          285.59         
841      312.51          282.68         
842      363.87          328.77         
843      1202.15         313.54         
844      1181.39         322.38         
845      323.32          323.32         
846      325.11          324.10         
847      318.66          318.66         
848      367.76          332.14         
849      536.42          335.61         
850      942.22          342.27         
851      342.68          319.25         
852      300.23          300.23         
853      1034.33         349.18         
854      326.56          325.41         
855      957.18          321.84         
856      305.79          304.79         
857      1089.11         330.28         
858      1657.58         389.23         
859      355.02          354.02         
860      439.05          299.52         
861      300.58          281.74         
862      1276.09         325.34         
863      1681.41         318.32         
864      860.57          288.46         
865      279.22          278.22         
866      382.37          381.37         
867      283.61          282.37         
868      357.82          322.55         
869      413.31          302.10         
870      539.59          298.27         
871      345.43          301.33         
872      1119.70         308.29         
873      1992.17         344.98         
874      316.49          316.49         
875      326.95          326.95         
876      375.98          374.98         
877      313.03          313.03         
878      381.76          354.56         
879      281.07          280.03         
880      337.65          297.66         
881      333.40          310.59         
882      641.03          360.72         
883      1195.09         403.03         
884      785.71          363.02         
885      360.14          359.14         
886      391.26          390.26         
887      375.85          375.13         
888      381.02          348.59         
889      673.72          394.32         
890      1052.42         363.79         
891      374.87          347.15         
892      500.48          406.11         
893      1395.69         356.79         
894      366.24          365.25         
895      865.13          345.33         
896      301.16          300.16         
897      280.23          279.14         
898      470.43          428.78         
899      452.50          450.26         
900      457.89          333.59         
901      397.05          357.30         
902      529.04          482.67         
903      1217.78         336.58         
904      977.00          368.29         
905      309.28          306.83         
906      302.85          302.35         
907      312.66          311.64         
908      1502.43         323.45         
909      518.85          318.17         
910      697.72          335.26         
911      359.71          333.81         
912      360.37          358.27         
913      1246.96         331.14         
914      389.88          389.37         
915      350.48          349.47         
916      327.97          326.48         
917      1186.77         406.16         
918      367.57          318.70         
919      371.67          370.08         
920      436.20          395.13         
921      400.35          361.26         
922      1381.13         422.13         
923      1047.17         401.94         
924      806.58          417.53         
925      348.20          348.20         
926      391.13          389.06         
927      307.16          305.05         
928      382.45          362.77         
929      693.47          382.60         
930      980.83          339.59         
931      328.29          303.44         
932      1345.61         344.01         
933      1166.85         333.18         
934      350.63          349.62         
935      852.39          365.72         
936      291.47          290.47         
937      335.12          334.13         
938      384.26          342.92         
939      319.23          318.10         
940      466.70          334.32         
941      342.77          307.51         
942      524.89          315.46         
943      977.35          325.96         
944      971.59          350.45         
945      337.91          336.57         
946      317.57          316.46         
947      375.48          375.48         
948      383.46          341.29         
949      462.68          339.64         
950      548.72          325.34         
951      372.98          325.53         
952      504.62          426.19         
953      1127.99         344.03         
954      335.49          333.87         
955      309.14          308.14         
956      349.96          348.95         
957      314.57          313.56         
958      1714.03         351.46         
959      286.41          286.41         
960      349.63          326.13         
961      313.03          265.74         
962      411.03          328.18         
963      1151.19         328.95         
964      972.59          300.86         
965      277.55          276.61         
966      282.33          281.30         
967      323.08          321.45         
968      347.18          323.79         
969      537.55          324.79         
970      948.24          339.30         
971      303.94          270.86         
972      381.74          381.74         
973      965.27          318.89         
974      311.70          311.70         
975      791.21          304.43         
976      320.49          317.46         
977      809.23          301.53         
978      350.61          318.29         
979      301.87          300.87         
980      454.75          321.68         
981      320.12          297.22         
982      1297.20         341.96         
983      1274.98         331.92         
984      715.09          315.52         
985      305.85          299.83         
986      307.87          307.87         
987      342.10          339.54         
988      374.03          326.51         
989      438.71          331.44         
990      528.19          330.64         
991      338.38          299.54         
992      1086.77         320.12         
993      961.38          313.66         
994      305.42          304.41         
995      297.74          296.13         
996      302.93          301.75         
997      273.09          271.64         
998      337.18          314.39         
999      308.52          308.52         
1000     330.46          285.94         
